Generation: 27
Best fitness: 119.86
Worst fitness: 1.14
Mean fitness: 65.806
[ -0.04004952   1.19160476   1.11852608  -4.13494167  -9.22067989
   4.35591418   6.30701998   2.5693802    5.5560917    0.04177322
  -0.65994947  -4.20337183  -0.9156842    1.42120397   5.15030172
  -9.82897084   1.05521871   1.37710407  -4.63931015   0.66017774
  -1.05275525 -11.93210193   1.52758463  -6.07116907   0.41545764
  -3.65382196  -0.62340494  -0.64498888   6.75079586   1.6620875
 -12.45958272   2.90411949  -1.93690035  -2.03019313  -6.85307896
   2.36102798  -7.0058049    1.7227812    1.06059432   8.00800507
   4.20967118   1.50205239   2.70836602   3.56987188   4.41273081
  -3.30471769   3.40015541   1.06460814]
Generation: 28
Best fitness: 120.84
Worst fitness: 2.3
Mean fitness: 68.71839999999999
[ 2.48608439  2.30955181  4.22509099 -0.8344474  -6.35278041  0.60558598
  3.48829751  6.2931719   8.02819546  3.57506339  0.19776875 -4.19217051
  0.73078636 -1.82624672  1.89251673 -7.8573994   3.73955159  3.34592839
 -2.02368707  2.59309368 -1.28113561 -8.06615745  4.32082898 -2.99740442
 -0.09063373 -2.38771469  1.11746094 -2.09392163  4.67046664  3.6589179
 -6.93492084  0.41613944 -0.47399139  2.15519234 -6.51488598  0.14038973
 -8.7791074  -0.40613519  1.28639784  2.86268842  3.41149172  3.19785836
  2.00365758  6.09034766  0.06371079 -5.39433684  2.29554858  1.79517839]
Generation: 29
Best fitness: 131.4
Worst fitness: 1.38
Mean fitness: 70.9312
[  4.5118391    2.15159326   4.94651792  -0.99056377 -11.88189908
   2.92569049  -1.21003046   9.25108809   5.87297154   4.99583609
  -0.16227733 -12.21350918   2.56006205  -1.67457685   3.48885929
  -9.98150172   4.85010523   4.23819324   0.58188928   2.00623773
   0.63818944 -15.02123349   2.2304438    1.29432891  -6.41924521
  -1.62887985  -2.52383392   4.85789107   2.06000906   1.13069216
  -4.81756308   0.72434706   1.78361908  -0.76625597  -4.93330309
  -6.19112006   0.75489774   2.45050599  -3.17801681   5.021936
  -0.82499592  -0.29318758   4.00773442   0.79167521  -1.12907945
  -1.17893045  -2.24444358   2.96085373]
Generation: 30
Best fitness: 141.42
Worst fitness: 1.52
Mean fitness: 65.4532
[  1.39901821  -1.4564852    3.66143886  -0.4558734  -10.59818945
   0.37740305   3.46073979   9.02364559   6.64614883   3.00984709
   1.16525249  -3.64148916   2.37537752  -2.16894664   2.87267436
  -5.03225249   1.19778524  -0.34726203   0.90878044   0.1205651
  -0.88208907  -8.86857904   2.76218241  -0.58509448  -5.04360762
  -2.13909024  -1.99643503   5.29654313   3.20322535   3.0933402
  -3.14107205  -0.61092806   3.581032    -0.72081604  -5.98807839
  -6.16353643   0.05740465   2.43426027  -3.07091464   4.99151715
  -2.48104177   0.7681       4.32089562   0.88886519  -1.48002738
   0.13159408  -0.56226105   1.274813  ]
Generation: 31
Best fitness: 157.96
Worst fitness: 6.22
Mean fitness: 76.7492
[ -0.04004952   1.19160476   1.11852608  -4.13494167  -9.22067989
   4.35591418   6.30701998   2.5693802    5.5560917    0.04177322
  -0.65994947  -4.20337183  -0.9156842    1.42120397   5.15030172
  -9.82897084   1.05521871   1.37710407  -4.63931015   0.66017774
  -1.05275525 -11.93210193   1.52758463  -6.07116907   0.41545764
  -3.65382196  -0.62340494  -0.64498888   6.75079586   1.6620875
 -12.45958272   2.90411949  -1.93690035  -2.03019313  -6.85307896
   2.36102798  -7.0058049    1.7227812    1.06059432   8.00800507
   4.20967118   1.50205239   2.70836602   3.56987188   4.41273081
  -3.30471769   3.40015541   1.06460814]
Generation: 32
Best fitness: 143.2
Worst fitness: 4.48
Mean fitness: 76.0404
[  3.17283013   2.00868088   4.05981426   0.37143632 -12.85025691
   2.46359814  -1.5689511    8.17992022   7.58636988   4.97252199
   0.28483039 -10.6594743    3.22570723  -0.80292586   2.05784337
 -10.77994208   6.38079195   5.03418445   0.2444041    1.20978292
   0.95269365 -15.88118529   2.61699633   0.46677804  -6.61350441
  -2.06089095  -3.74206687   4.26519296   5.13028173   0.9098592
  -9.95067809  -0.03589222   0.19942062  -2.33712729  -8.20804239
  -4.83228054   0.86277859   2.28881336  -1.64149892   9.3630714
   0.75731875  -0.49161024   8.06893647  -1.05597805  -3.95626492
  -1.40562532   0.15701868  -1.73559018]
Generation: 33
Best fitness: 145.66
Worst fitness: 8.36
Mean fitness: 86.0072
[  4.5118391    2.15159326   4.94651792  -0.99056377 -11.88189908
   2.92569049  -1.21003046   9.25108809   5.87297154   4.99583609
  -0.16227733 -12.21350918   2.56006205  -1.67457685   3.48885929
  -9.98150172   4.85010523   4.23819324   0.58188928   2.00623773
   0.63818944 -15.02123349   2.2304438    1.29432891  -6.41924521
  -1.62887985  -2.52383392   4.85789107   2.06000906   1.13069216
  -4.81756308   0.72434706   1.78361908  -0.76625597  -4.93330309
  -6.19112006   0.75489774   2.45050599  -3.17801681   5.021936
  -0.82499592  -0.29318758   4.00773442   0.79167521  -1.12907945
  -1.17893045  -2.24444358   2.96085373]
Generation: 34
Best fitness: 148.04
Worst fitness: 6.58
Mean fitness: 79.83279999999999
[  4.92349911   2.1548153    5.04100223  -0.88796603 -12.05044928
   2.1308391   -2.7595288    9.89033897   2.42213093   5.10417956
   2.35562084 -10.65364449   0.46121755  -4.43143306   3.69608531
  -5.94492869   4.64413138   2.74539322  -1.95762235   0.90103773
   1.40253629 -12.69227748   2.06921475   1.69356216  -6.06371056
  -1.36159487  -2.64488188   2.40778382   5.12959127   0.90873453
  -8.53401905   0.17962207   2.13508924  -1.46260652  -8.25905189
  -7.91646743   0.28794556   0.60852952  -1.79356999   7.82390215
  -0.42794572   1.14503184   5.17249272   0.04800533  -3.08302864
  -0.0503501    2.70847391  -1.2090565 ]
Generation: 35
Best fitness: 150.42
Worst fitness: 4.74
Mean fitness: 85.2608
[ 3.31808562  2.52799291  2.38600998  0.35127345 -7.20223548  0.68001926
  2.40244987  5.74190276  6.03723815  2.52689252  0.49874931 -4.56753487
  1.37456585 -1.27073104  0.49189139 -9.51704974  2.73726352  1.64967309
 -0.17732968  1.61150513 -0.94757154 -9.38454703  4.55208279 -2.63368021
 -1.73255501 -3.25484288  0.02625304 -0.52319378  3.07729905  1.21922504
 -7.38024691  2.89608903  2.38245772  1.6568696  -2.7316772  -3.55119699
 -5.9215849   2.99739848 -5.40417222  5.43258601  3.65443172 -0.4464711
  7.94329141  6.46332278 -0.59451164 -3.3500143  -0.31502296 -2.60293607]
Generation: 36
Best fitness: 150.44
Worst fitness: 4.4
Mean fitness: 90.36399999999999
[  3.50906004   1.92125051   5.58445372  -0.4704434  -10.16073773
   2.63342717   0.1015691    9.56855473   6.70479051   4.89851098
  -0.2278464  -11.03745307   0.5996997   -2.48773082   4.38249059
  -8.05848572   4.992748     2.83753382   1.02734137   2.66987643
   2.08075438 -13.83564151   3.495808    -0.27347303  -4.66018282
  -3.62578037  -0.68103911   4.49851681   4.39291632   4.19229651
  -4.91718524  -1.37048344   0.20688962  -2.22281102  -2.64708304
  -2.09881877  -2.75473617   3.39589976  -1.15074269   5.82680538
   2.98636076   0.26337681   3.7751737    3.68224301  -2.23400736
  -3.69454424  -2.58403916   1.59439795]
Generation: 37
/home/aturmo/Worspace/autre/cg/multiplayer/tron/bots/nn_bot.py:124: RuntimeWarning: overflow encountered in exp
  return 1 / (1 + np.exp(-x))
Best fitness: 159.34
Worst fitness: 1.58
Mean fitness: 86.44559999999997
[ 3.31808562  2.52799291  2.38600998  0.35127345 -7.20223548  0.68001926
  2.40244987  5.74190276  6.03723815  2.52689252  0.49874931 -4.56753487
  1.37456585 -1.27073104  0.49189139 -9.51704974  2.73726352  1.64967309
 -0.17732968  1.61150513 -0.94757154 -9.38454703  4.55208279 -2.63368021
 -1.73255501 -3.25484288  0.02625304 -0.52319378  3.07729905  1.21922504
 -7.38024691  2.89608903  2.38245772  1.6568696  -2.7316772  -3.55119699
 -5.9215849   2.99739848 -5.40417222  5.43258601  3.65443172 -0.4464711
  7.94329141  6.46332278 -0.59451164 -3.3500143  -0.31502296 -2.60293607]
Generation: 38
Best fitness: 155.7
Worst fitness: 0.94
Mean fitness: 86.08560000000001
[ 3.31808562  2.52799291  2.38600998  0.35127345 -7.20223548  0.68001926
  2.40244987  5.74190276  6.03723815  2.52689252  0.49874931 -4.56753487
  1.37456585 -1.27073104  0.49189139 -9.51704974  2.73726352  1.64967309
 -0.17732968  1.61150513 -0.94757154 -9.38454703  4.55208279 -2.63368021
 -1.73255501 -3.25484288  0.02625304 -0.52319378  3.07729905  1.21922504
 -7.38024691  2.89608903  2.38245772  1.6568696  -2.7316772  -3.55119699
 -5.9215849   2.99739848 -5.40417222  5.43258601  3.65443172 -0.4464711
  7.94329141  6.46332278 -0.59451164 -3.3500143  -0.31502296 -2.60293607]
Generation: 39
Best fitness: 164.62
Worst fitness: 4.6
Mean fitness: 95.57400000000001
[  4.52420512  -0.87766097   7.30934799  -1.10277717 -13.43480801
   0.74623081   1.22035503   9.57820187   4.46626086   4.58981703
   0.3581873  -10.21943045   0.11875104  -1.84715706   5.87171064
  -9.65189541   5.64380018   0.30027729  -0.89810895   2.88333544
  -0.67573445 -13.7406503    5.03949205  -0.19827648  -0.29126397
  -0.0434047    1.71455815   1.65001797   1.2616012   -0.60119918
  -8.97846468   3.9140979   -0.18953093   0.45765932   1.02685338
  -3.46206591  -6.25248716   0.60866736  -3.70255812   4.4860027
   2.05957479   3.03443933   8.41810065   2.01300032   2.21458412
  -0.60364104  -4.38924748  -1.25531358]
Generation: 40
Best fitness: 156.72
Worst fitness: 1.24
Mean fitness: 95.17479999999999
[  3.60499494   2.01315067   0.29759994  -1.12673444 -18.14100693
   3.54027016  -0.43930344  10.36953544   2.23062392   8.42483613
   1.75153341  -9.58994515   5.44319431  -2.19399028  -1.11577515
 -10.37647114   8.43426388  10.23884983   1.22695607   8.90803794
  -0.87035337 -24.10089074   2.68678555  -1.63676871  -1.43961529
  -0.57662778   0.04314974   1.43352428   1.00521848  -0.30861772
  -7.62087148   3.39576919   0.28053477   0.45009972  -0.45085953
  -1.53976097  -4.96124733   0.91774111  -3.22826955   4.55717752
   3.50145465   1.22339871   7.25198002   0.54362193   3.15033682
   1.08023485  -5.03537407  -2.63648126]
Generation: 41
Best fitness: 172.04
Worst fitness: 2.9
Mean fitness: 101.93719999999999
[  4.55212395   3.66257242   3.33291334   0.42972479 -15.29913448
   2.41364517  -0.95273995  11.04182236   5.19481972   7.52153782
  -0.02710282  -9.60307848   3.25387556  -3.68643745   2.65176626
 -10.56272232   6.53945237   5.75766249   0.89782716   2.05540031
  -1.11189886 -19.39291919   2.84880983  -0.57565572  -0.09143033
  -3.06430272  -1.89013479   0.89562295   2.01854233   3.12535605
  -5.63733312   4.88751026   1.85372432  -0.33443184  -2.14996976
  -1.7186761   -5.17373292   3.14800423  -6.62300981   5.31608555
   4.0847991   -0.95852737   7.16420391   7.79852759   1.33431098
  -3.63619326  -0.5615546   -4.31878325]
Generation: 42
Best fitness: 179.56
Worst fitness: 4.6
Mean fitness: 103.95280000000001
[  2.86687947   4.73804347   1.71386134   0.65702226 -15.61628991
   1.99624975  -0.04848962  12.28850973   3.33865035   6.44139201
  -1.60043958  -8.3976641    3.52826672  -1.98962643   3.55885263
 -11.70001511   7.37010396   5.96897847   2.43496341   3.98884964
  -1.50021601 -18.06771213   4.66060209  -0.27429284  -3.47139473
  -3.0807769   -0.89098989   2.25655213   2.79020637   0.09060384
  -4.20085205   3.18711217  -0.49171087   1.41287273   0.61785876
   0.24072613  -4.01936943   3.60533139  -5.17600381   7.28001693
   2.50084374  -0.49070593   5.22914387   3.97456825   3.53446234
  -2.37969856  -1.06135314  -4.68481497]
Generation: 43
Best fitness: 170.18
Worst fitness: 7.26
Mean fitness: 100.4616
[  2.86687947   4.73804347   1.71386134   0.65702226 -15.61628991
   1.99624975  -0.04848962  12.28850973   3.33865035   6.44139201
  -1.60043958  -8.3976641    3.52826672  -1.98962643   3.55885263
 -11.70001511   7.37010396   5.96897847   2.43496341   3.98884964
  -1.50021601 -18.06771213   4.66060209  -0.27429284  -3.47139473
  -3.0807769   -0.89098989   2.25655213   2.79020637   0.09060384
  -4.20085205   3.18711217  -0.49171087   1.41287273   0.61785876
   0.24072613  -4.01936943   3.60533139  -5.17600381   7.28001693
   2.50084374  -0.49070593   5.22914387   3.97456825   3.53446234
  -2.37969856  -1.06135314  -4.68481497]
Generation: 44
Best fitness: 186.88
Worst fitness: 1.9
Mean fitness: 112.70720000000001
[  1.56668935   0.86593053   5.1439623    0.42911206 -12.54441546
   4.54294654   1.10435842   8.62589498   3.67201311   2.17436147
   2.26206785  -5.069433     2.34776077   3.0141219    5.29917913
  -4.72334048   0.09141241   5.47548171  -2.2179629    2.08474796
  -2.06369934 -14.8632789    3.14759154   1.18239448  -5.03213206
  -1.26608861  -4.4853388    3.95186752   4.66340151   1.82300417
 -10.92084581  -1.88451395   0.48249593  -3.28372211  -8.09657355
  -4.32008898  -0.1947928    2.11314571  -1.62752377   7.04967879
   1.87343375   0.93222207   4.86426024  -2.55408562   0.40707516
   1.54232999   4.10671638   0.33495013]
Generation: 45
Best fitness: 188.76
Worst fitness: 1.64
Mean fitness: 111.5288
[  2.0638666    4.98340724   3.8674026   -0.1991295  -11.07687548
  -2.0485749   -0.81854549   8.1002663    6.48249368   5.86475097
   1.60184114  -7.79835378   2.55426414  -1.72217575   3.62582974
  -6.06493905   2.23223629   2.75470772  -3.82806716   1.16134688
   0.68860076 -13.26237958   2.11275868   4.74115184  -8.14160471
  -3.47320136  -1.92206333   4.75401741   4.91317393   2.91101762
  -7.87879663   0.68630893   0.10955022  -3.29902921  -5.6510356
  -5.44528604  -0.89167332   3.18316953  -4.05083921   8.0714037
   0.33450896   1.02224835   4.7219672   -1.87811011  -1.66178119
   1.24415663   3.12188472  -1.09389808]
Generation: 46
Best fitness: 220.32
Worst fitness: 2.46
Mean fitness: 121.65679999999999
[  1.56668935   0.86593053   5.1439623    0.42911206 -12.54441546
   4.54294654   1.10435842   8.62589498   3.67201311   2.17436147
   2.26206785  -5.069433     2.34776077   3.0141219    5.29917913
  -4.72334048   0.09141241   5.47548171  -2.2179629    2.08474796
  -2.06369934 -14.8632789    3.14759154   1.18239448  -5.03213206
  -1.26608861  -4.4853388    3.95186752   4.66340151   1.82300417
 -10.92084581  -1.88451395   0.48249593  -3.28372211  -8.09657355
  -4.32008898  -0.1947928    2.11314571  -1.62752377   7.04967879
   1.87343375   0.93222207   4.86426024  -2.55408562   0.40707516
   1.54232999   4.10671638   0.33495013]
Generation: 47
Best fitness: 198.52
Worst fitness: 2.22
Mean fitness: 116.7836
[  1.56668935   0.86593053   5.1439623    0.42911206 -12.54441546
   4.54294654   1.10435842   8.62589498   3.67201311   2.17436147
   2.26206785  -5.069433     2.34776077   3.0141219    5.29917913
  -4.72334048   0.09141241   5.47548171  -2.2179629    2.08474796
  -2.06369934 -14.8632789    3.14759154   1.18239448  -5.03213206
  -1.26608861  -4.4853388    3.95186752   4.66340151   1.82300417
 -10.92084581  -1.88451395   0.48249593  -3.28372211  -8.09657355
  -4.32008898  -0.1947928    2.11314571  -1.62752377   7.04967879
   1.87343375   0.93222207   4.86426024  -2.55408562   0.40707516
   1.54232999   4.10671638   0.33495013]
Generation: 48
